CHR	POS	SNP	P
1	25305114	rs6600247	2.58E-15
1	67705958	rs11209026	1.94E-27
1	154426264	rs4129267	3.32E-13
1	160854445	rs2039415	3.91E-08
1	161479745	rs1801274	1.35E-09
1	200877850	rs41299637	1.81E-15
2	9402988	rs2666218	2.06E-08
2	25097644	rs13407913	2.53E-18
2	62568445	rs6759298	4.81E-47
2	102771282	rs871656	1.41E-09
2	182048452	rs12615545	1.03E-09
2	204612058	rs7426056	1.13E-20
2	204707771	rs11306716	1.26E-13
2	219010146	rs11676348	1.96E-11
2	241563739	rs4676410	9.90E-09
3	28286261	rs10510607	2.28E-08
3	46428658	rs1001007	1.55E-08
3	49721532	rs3197999	6.68E-55
3	137441372	rs6781808	4.16E-10
4	103434253	rs3774937	7.83E-10
5	10521668	rs11750385	2.29E-09
5	40496423	rs9687958	2.87E-16
5	96124330	rs30187	4.26E-45
5	158759370	rs6871626	3.13E-08
6	20728731	rs6908425	8.50E-10
6	90665773	rs17765610	5.31E-08
6	90976768	rs72928038	1.70E-10
6	138197824	rs582757	1.02E-16
6	159506600	rs2451258	5.50E-17
6	167415405	rs67025039	3.31E-26
7	17197571	rs1525735	4.63E-10
9	34710260	rs2812378	5.69E-09
9	120475302	rs4986790	1.14E-08
9	139253839	rs1128905	6.95E-09
10	64354262	rs10761648	5.65E-16
10	81060317	rs1250550	1.46E-09
10	90749963	rs1800682	2.14E-10
10	101278725	rs11190133	4.84E-14
11	58284951	rs10750899	1.71E-07
11	128194450	rs7933433	2.62E-09
12	6446777	rs1860545	2.78E-10
12	107198611	rs12369214	2.49E-08
12	111862575	rs11065898	4.71E-08
14	35563211	rs8006884	3.19E-08
14	75741751	rs1569328	1.92E-09
14	88488821	rs11624293	1.49E-10
16	11365500	rs367569	5.03E-14
16	28517709	rs26528	2.90E-29
16	28617885	rs75301646	2.58E-09
17	26148167	rs2531875	1.22E-10
17	45575206	rs9901869	6.04E-15
17	62147192	rs196941	4.01E-11
18	12792940	rs45450798	2.96E-08
19	10525181	rs35164067	3.43E-10
21	40466744	rs2836883	6.46E-17
21	45615741	rs7282490	6.21E-09
22	45727565	rs1569414	2.94E-11
