CHR	POS	SNP	P					
1	1247494	rs12103	8.00E-13					
1	2501338	rs10797432	3.00E-12					
1	8022197	rs3766606	8.84E-18					
1	20171860	rs6426833	8.56E-69					
1	22702231	rs12568930	1.00E-17					
1	63049593	rs1748195	7.13E-08					
1	67707690	rs11581607	8.76E-175					
1	70995562	rs2651244	2.00E-08					
1	78623626	rs17391694	2.62E-09					
1	92554283	rs34856868	9.80E-09					
1	101466054	rs11583043	1.92E-06					
1	114165757	rs2636006	2.34E-42					
1	120451190	rs3897478	2.00E-11					
1	151801680	rs4845604	1.21E-17					
1	155230131	rs3180018	2.00E-13					
1	159799910	rs34687326	1.06E-08					
1	160856964	rs4656958	2.05E-11					
1	161479745	rs1801274	2.00E-38					
1	169519049	rs6025	2.51E-08					
1	172853460	rs7517810	4.53E-22					
1	186875459	rs10798069	2.49E-07					
1	191559356	rs10801047	3.00E-08					
1	197701279	rs2488397	5.64E-18					
1	198598663	rs7555082	2.54E-09					
1	200101920	rs2816958	2.00E-17					
1	200877562	rs7554511	3.20E-44					
1	206939904	rs3024505	2.99E-50					
1	209970610	rs59043219	1.09E-08					
2	5664008	rs11894081	4.00E-09					
2	25097644	rs13407913	1.69E-20					
2	27730940	rs1260326	1.74E-21					
2	28614794	rs925255	3.00E-15					
2	43806918	rs10495903	2.00E-14					
2	61204856	rs7608910	2.60E-36					
2	62552321	rs11679753	2.65E-12					
2	65667272	rs6740462	5.59E-12					
2	102939036	rs13001325	2.51E-23					
2	145492382	rs11681525	4.08E-11					
2	160794008	rs4664304	2.61E-08					
2	163110536	rs2111485	4.60E-09					
2	182308352	rs6740847	1.22E-13					
2	187576378	rs144344067	1.29E-08					
2	191931464	rs1517352	3.87E-14					
2	198896895	rs6738825	4.00E-09					
2	199560757	rs17229679	7.05E-20					
2	204592021	rs3116494	5.11E-07					
2	219151218	rs2382817	1.13E-13					
2	228660112	rs111781203	2.16E-10					
2	228670476	rs1811711	6.09E-09					
2	231097129	rs6716753	1.98E-17					
2	234161448	rs6752107	1.42E-73					
2	241574401	rs4676408	2.59E-30					
2	242484701	rs76527535	2.87E-08					
2	242737341	rs35320439	1.73E-05					
3	18767404	rs4256159	9.00E-15					
3	46457412	rs113010081	4.21E-08					
3	49721532	rs3197999	1.55E-52					
3	53062661	rs9847710	0.00000001					
3	53133149	rs2581828	6.46E-09					
3	71175495	rs2593855	2.54E-09					
3	101023748	rs503734	2.67E-08					
3	101569726	rs616597	0.00000934					
3	141105570	rs724016	3.36E-06					
3	188401160	rs56116661	5.67E-10					
4	3444503	rs2073505	1.46E-07					
4	26132361	rs4692386	1.21E-08					
4	38325036	rs6856616	4.00E-14					
4	38588453	rs11734570	4.80E-08					
4	48363245	rs7438704	3.42E-11					
4	74857708	rs2472649	3.00E-08					
4	102865304	rs13126505	1.57E-14					
4	106075498	rs2189234	1.95E-10					
4	123351431	rs1479918	1.07E-13					
5	583442	rs4957048	1.00E-09					
5	10695526	rs2930047	9.78E-14					
5	35876274	rs3194051	4.00E-08					
5	38867732	rs395157	2.22E-20					
5	40410584	rs11742570	2.00E-82					
5	55438851	rs10065637	4.00E-12					
5	71693899	rs4703855	7.16E-11					
5	72539850	rs34804116	1.21E-12					
5	96252803	rs1363907	4.87E-15					
5	101946798	rs7705924	2.00E-08					
5	130017287	rs4836519	4.00E-10					
5	131770805	rs2188962	9.53E-53					
5	134443606	rs254560	8.55E-10					
5	141513204	rs6863411	2.41E-14					
5	149605994	rs17656349	1.54E-08					
5	150277909	rs11741861	3.00E-37					
5	158827769	rs56167332	7.17E-50					
5	172324978	rs564349	1.54E-07					
5	173279842	rs359457	3.00E-12					
5	176788570	rs4976646	3.23E-12					
6	382559	rs7773324	5.84E-09					
6	3433318	rs17309827	7.00E-09					
6	14719496	rs17119	2.18E-11					
6	19781009	rs113986290	7.59E-09					
6	20812588	rs9358372	9.00E-14					
6	21430730	rs71559680	1.78E-15					
6	32612397	rs6927022	5.00E-133					
6	42007403	rs67289879	3.04E-08					
6	43795968	rs943072	2.00E-10					
6	90973159	rs1847472	2.00E-10					
6	106435269	rs7746082	1.29E-20					
6	111848191	rs3851228	1.50E-15					
6	116768917	rs2858829	8.00E-10					
6	127456122	rs9491697	4.00E-10					
6	128277151	rs9491891	9.39E-17					
6	138006504	rs6920220	1.00E-21					
6	143898894	rs12199775	2.00E-08					
6	149577079	rs7758080	1.15E-07					
6	159490436	rs212388	1.80E-16					
6	167373547	rs1819333	7.00E-21					
7	2789880	rs798502	6.00E-17					
7	6545188	rs11768365	3.88E-08					
7	17442679	rs1077773	5.96E-09					
7	20577298	rs149169037	3.26E-08					
7	26892440	rs10486483	1.55E-11					
7	28190730	rs56691573	2.22E-12					
7	50304461	rs1456896	7.00E-15					
7	98759117	rs9297145	8.00E-12					
7	100315517	rs1734907	2.00E-13					
7	107480315	rs4380874	2.00E-26					
7	116892846	rs38904	1.00E-08					
7	128573967	rs4728142	1.92E-14					
7	148220448	rs2538470	3.00E-11					
7	148435339	rs243505	3.04E-10					
8	27227554	rs17057051	5.50E-08					
8	49129242	rs7011507	2.03E-08					
8	74007347	rs12677663	2.00E-08					
8	90875918	rs7015630	1.00E-08					
8	126534671	rs921720	8.00E-20					
8	129567181	rs6651252	4.00E-18					
8	130624105	rs1991866	2.00E-09					
9	4981601	rs75900472	4.70E-48					
9	34736158	rs9408254	1.95E-08					
9	93928416	rs4743820	3.80E-09					
9	117545666	rs6478106	5.00E-46					
9	120475302	rs4986790	6.99E-09					
9	139266405	rs10781499	4.00E-56					
10	6094697	rs61839660	1.24E-14					
10	27179596	rs7911117	1.84E-08					
10	30728101	rs1042058	6.00E-11					
10	35466185	rs34779708	2.39E-26					
10	59913151	rs1819658	9.00E-17					
10	64445564	rs10761659	4.97E-53					
10	75673101	rs2227564	7.00E-10					
10	81060317	rs1250550	1.00E-30					
10	82254047	rs6586030	9.00E-16					
10	94436851	rs7911264	3.00E-08					
10	101284237	rs4409764	1.16E-61					
10	104232716	rs3740415	1.03E-07					
10	112186148	rs11195128	2.00E-10					
10	126439381	rs111456533	1.18E-09					
10	133172119	rs10734105	3.00E-08					
11	1874072	rs907611	1.00E-10					
11	57203009	rs11229030	8.00E-09					
11	58408687	rs11229555	5.23E-12					
11	60776209	rs11230563	1.71E-14					
11	61564299	rs4246215	2.00E-15					
11	64150370	rs559928	3.33E-13					
11	65656564	rs2231884	3.00E-10					
11	72863697	rs11235667	7.00E-09					
11	76299649	rs11236797	2.25E-50					
11	87125438	rs6592362	2.00E-08					
11	96023427	rs483905	3.16E-10					
11	114397162	rs200349593	3.56E-20					
11	118754353	rs630923	7.00E-09					
11	128380974	rs11221332	2.44E-09					
12	6491125	rs7954567	1.30E-09					
12	12657513	rs11612508	1.00E-08					
12	40740223	rs148319899	5.54E-29					
12	48208368	rs11168249	8.00E-09					
12	68508122	rs11614178	2.22E-32					
12	112007756	rs653178	1.11E-08					
12	120146925	rs11064881	5.95E-08					
13	27531267	rs17085007	3.00E-19					
13	41013977	rs941823	2.00E-14					
13	41558110	rs7329174	8.00E-09					
13	42917861	rs80244186	3.66E-08					
13	43052880	rs2062305	5.00E-10					
13	44457925	rs3764147	2.00E-21					
13	49595331	rs2026029	9.73E-09					
13	99956622	rs9557195	2.00E-14					
14	69210199	rs4902642	2.00E-10					
14	75741751	rs1569328	3.21E-09					
14	88472595	rs8005161	4.00E-18					
15	38899190	rs16967103	4.00E-09					
15	41563950	rs28374715	2.00E-08					
15	67442596	rs17293632	2.71E-20					
15	91172901	rs7495132	9.00E-11					
16	11373320	rs529866	2.00E-16					
16	23864590	rs7404095	1.00E-09					
16	28528781	rs28449958	7.50E-24					
16	50335074	rs78534766	1.17E-14					
16	30482494	rs11150589	1.63E-11					#REF!
16	50745926	rs2066844	2.27E-217					
16	68591230	rs1728785	3.00E-08					
16	81916912	rs11548656	5.18E-11					
16	82867456	rs10492862	1.26E-09					
16	86014241	rs16940202	6.00E-19					
17	25869033	rs10775412	2.51E-25					
17	32593974	rs3091316	1.00E-26					
17	37912377	rs12946510	2.16E-39					
17	40527544	rs12942547	6.00E-22					
17	54880993	rs3853824	7.70E-10					
17	57963537	rs1292053	9.00E-13					
17	70642923	rs17780256	3.19E-11					
17	76737118	rs17736589	4.34E-08					
18	12818922	rs80262450	3.97E-28					
18	46395022	rs7240004	1.01E-10					
18	56879827	rs9319943	9.05E-07					
18	67530439	rs727088	5.00E-09					
18	77220616	rs7236492	1.45E-08					
19	1124031	rs2024092	8.00E-22					
19	10512911	rs11879191	5.27E-20					
19	33731551	rs17694108	6.00E-15					
19	34656406	rs587259	2.98E-08					
19	46849806	rs4802307	9.04E-12					
19	49206172	rs516246	1.33E-20					
19	55383051	rs11672983	7.00E-11					
20	6093889	rs4256018	1.23E-08					
20	30725648	rs6142618	6.00E-10					
20	31376282	rs4911259	1.00E-09					
20	33799280	rs6088765	2.00E-08					
20	43065028	rs6017342	5.17E-50					
20	44742064	rs1569723	1.00E-13					
20	48955424	rs913678	5.35E-11					
20	57824309	rs259964	1.00E-12					
20	62329099	rs6062496	6.76E-26					
21	16817938	rs2823286	9.00E-30					
21	34776695	rs2284553	5.63E-17					
21	40465534	rs2836878	5.00E-48					
21	45615741	rs7282490	9.85E-30					
22	21922904	rs2266959	1.00E-16					
22	30493882	rs5763767	8.82E-15					
22	35729721	rs138788	2.95E-08					
22	37258503	rs4821544	1.76E-08					
22	39659773	rs2413583	5.06E-38					
22	41867377	rs727563	1.88E-10					
22	50435480	rs5771069	4.00E-08					
