CHR	POS	SNP	P
1	2526746	rs3748816	5.12E-13
2	25097644	rs13407913	2.53E-18
2	61081310	rs702872	4.04E-11
2	61204856	rs7608910	1.74E-32
2	65686461	rs11675538	2.83E-08
2	102771282	rs871656	1.41E-09
2	111933001	rs72837826	2.18E-11
2	163110536	rs2111485	3.23E-13
2	163124637	rs35667974	5.00E-10
2	199567687	rs6434978	1.20E-10
2	204612058	rs7426056	4.12E-16
2	204707771	rs11306716	2.61E-12
2	219010146	rs11676348	1.96E-11
2	228660112	rs7556897	7.51E-12
2	228660112	rs7556897	7.51E-12
2	241569692	rs3749171	1.82E-25
3	46428658	rs1001007	1.55E-08
3	49656148	rs116046827	7.78E-11
3	49721532	rs3197999	5.25E-26
3	71153890	rs80060485	2.80E-15
4	103432974	rs17032705	2.11E-16
4	123452231	rs59867199	7.40E-20
4	123499745	rs13140464	8.25E-14
5	38867732	rs395157	8.17E-15
5	40496423	rs9687958	2.87E-16
6	91030441	rs56258221	1.09E-09
6	138197824	rs582757	1.02E-16
6	159506600	rs2451258	5.50E-17
8	126539965	rs1551399	4.09E-19
8	129227952	rs2042011	3.75E-08
9	34710260	rs2812378	5.69E-09
9	120475302	rs4986790	1.14E-08
9	139263891	rs10870077	5.54E-45
10	6108439	rs4147359	1.44E-16
10	64354262	rs10761648	5.65E-16
10	94432000	rs2497318	3.26E-11
10	101283330	rs10748781	6.09E-51
11	2229759	rs10743181	2.27E-08
11	58284951	rs10750899	1.71E-07
11	64107735	rs663743	1.81E-13
11	64150370	rs559928	7.99E-14
11	109962432	rs4561177	9.78E-10
11	111579939	rs7937682	6.10E-07
12	48208368	rs11168249	6.07E-09
12	107198611	rs12369214	2.49E-08
12	107198611	rs12369214	2.49E-08
12	111884608	rs3184504	3.86E-13
13	27531267	rs17085007	2.10E-13
13	100040654	rs9554587	8.97E-10
14	75741751	rs1569328	1.92E-09
16	11169683	rs725613	5.22E-13
16	11319357	rs11649613	2.69E-10
16	11365500	rs367569	5.03E-14
16	11749774	rs7195296	3.05E-13
16	23864590	rs7404095	2.51E-09
16	28517709	rs26528	2.90E-29
18	12879466	rs12968719	1.54E-26
18	67543688	rs1788097	5.87E-12
19	10427721	rs74956615	2.28E-22
19	10600418	rs35074907	6.09E-09
19	47205707	rs60652743	2.12E-12
19	49206108	rs679574	1.26E-17
20	57824309	rs259964	3.89E-12
20	62329099	rs6062496	1.76E-30
21	40466744	rs2836883	3.40E-13
21	43855067	rs1893592	2.42E-12
21	45616324	rs4456788	5.80E-25
