CHR	POS	SNP	P
1	161508617	rs10919543	5.89E-12
3	184612321	rs58693904	3.73E-09
5	158804928	rs4379175	3.13E-09
6	255562	rs17133698	2.80E-09
6	29925877	rs62392216	1.34E-11
6	30950050	rs2844678	5.70E-47
6	31354238	rs12524487	7.39E-20
7	22768027	rs2069837	7.00E-09
8	27211910	rs2322599	2.90E-13
9	113117183	rs7038415	4.90E-08
13	65078467	rs9540128	1.89E-08
14	20896245	rs1713450	7.00E-09
14	35189914	rs76457959	2.84E-09
19	54707248	rs12980600	0.00000002
19	54797848	rs103294	0.000000029
21	40464924	rs4817983	1.92E-12
